RESULTSET_BEGIN
92224 1 0 0
-355359.705797 0.000000 24229.348329
229430.745102 5781.466932 -2454.694382
5781.466932 226184.623759 -7867.535225
-2454.694382 -7867.535225 252281.168869
0.000000 0.000000 0.000000
0.000000 0.000000 0.000000
0.000000 0.000000 0.000000
0.000000 -0.000000 0.000000 24.034240
0.000000 0.000000 0.000000 0.000000
0.000000 -0.000000 0.000000 24.034240
RESULTSET_END
RESULTSET_BEGIN
92224 1 1 0
-355359.705797 1175488.426964 24229.348329
229430.745102 5781.466932 -2454.694382
5781.466932 226184.623759 -7867.535225
-2454.694382 -7867.535225 252281.168869
5180.324284 277.843622 -1135.837232
277.843622 2960.457709 -681.816292
-1135.837232 -681.816292 4515.105462
0.000000 -0.000000 0.000000 24.034240
-0.000000 -0.000000 0.000000 0.654402
0.000000 -0.000000 0.000000 24.079992
RESULTSET_END
RESULTSET_BEGIN
92224 1 1 1
0.000000 820128.721167 24229.348329
0.000000 0.000000 0.000000
0.000000 0.000000 0.000000
0.000000 0.000000 0.000000
234611.069385 6059.310554 -3590.531615
6059.310554 229145.081468 -8549.351518
-3590.531615 -8549.351518 256796.274331
0.000000 0.000000 0.000000 0.000000
0.000000 -0.000000 0.000000 24.079992
0.000000 -0.000000 0.000000 24.079992
RESULTSET_END
RESULTSET_BEGIN
92224 0 0 0
0.000000 0.000000 0.000000
229430.745102 5781.466932 -2454.694382
5781.466932 226184.623759 -7867.535225
-2454.694382 -7867.535225 252281.168869
0.000000 0.000000 0.000000
0.000000 0.000000 0.000000
0.000000 0.000000 0.000000
0.000000 -0.000000 0.000000 24.034240
0.000000 0.000000 0.000000 0.000000
0.000000 -0.000000 0.000000 24.034240
RESULTSET_END
RESULTSET_BEGIN
92224 0 1 0
0.000000 0.000000 0.000000
229430.745102 5781.466932 -2454.694382
5781.466932 226184.623759 -7867.535225
-2454.694382 -7867.535225 252281.168869
5180.324284 277.843622 -1135.837232
277.843622 2960.457709 -681.816292
-1135.837232 -681.816292 4515.105462
0.000000 -0.000000 0.000000 24.034240
-0.000000 -0.000000 0.000000 0.654402
0.000000 -0.000000 0.000000 24.079992
RESULTSET_END
RESULTSET_BEGIN
92224 0 1 1
0.000000 0.000000 0.000000
0.000000 0.000000 0.000000
0.000000 0.000000 0.000000
0.000000 0.000000 0.000000
234611.069385 6059.310554 -3590.531615
6059.310554 229145.081468 -8549.351518
-3590.531615 -8549.351518 256796.274331
0.000000 0.000000 0.000000 0.000000
0.000000 -0.000000 0.000000 24.079992
0.000000 -0.000000 0.000000 24.079992
RESULTSET_END
RESULTSET_BEGIN
92224 1 0 0
-356465.150502 0.000000 33680.618699
265351.822132 -2070.030670 -13318.969348
-2070.030670 273835.445950 8212.207469
-13318.969348 8212.207469 292154.403461
0.000000 0.000000 0.000000
0.000000 0.000000 0.000000
0.000000 0.000000 0.000000
0.000000 -0.000000 -0.000000 26.588974
0.000000 0.000000 0.000000 0.000000
0.000000 -0.000000 -0.000000 26.588974
RESULTSET_END
RESULTSET_BEGIN
92224 1 1 0
-356465.150502 1175417.369668 33680.618699
265351.822132 -2070.030670 -13318.969348
-2070.030670 273835.445950 8212.207469
-13318.969348 8212.207469 292154.403461
4909.733921 98.529386 -1191.641734
98.529386 2945.649322 -694.062847
-1191.641734 -694.062847 4373.947856
0.000000 -0.000000 -0.000000 26.588974
-0.000000 -0.000000 0.000000 0.664412
0.000000 -0.000000 -0.000000 26.626132
RESULTSET_END
RESULTSET_BEGIN
92224 1 1 1
0.000000 818952.219166 33680.618699
0.000000 0.000000 0.000000
0.000000 0.000000 0.000000
0.000000 0.000000 0.000000
270261.556053 -1971.501284 -14510.611082
-1971.501284 276781.095272 7518.144622
-14510.611082 7518.144622 296528.351317
0.000000 0.000000 0.000000 0.000000
0.000000 -0.000000 -0.000000 26.626132
0.000000 -0.000000 -0.000000 26.626132
RESULTSET_END
RESULTSET_BEGIN
92224 0 0 0
0.000000 0.000000 0.000000
265351.822132 -2070.030670 -13318.969348
-2070.030670 273835.445950 8212.207469
-13318.969348 8212.207469 292154.403461
0.000000 0.000000 0.000000
0.000000 0.000000 0.000000
0.000000 0.000000 0.000000
0.000000 -0.000000 -0.000000 26.588974
0.000000 0.000000 0.000000 0.000000
0.000000 -0.000000 -0.000000 26.588974
RESULTSET_END
RESULTSET_BEGIN
92224 0 1 0
0.000000 0.000000 0.000000
265351.822132 -2070.030670 -13318.969348
-2070.030670 273835.445950 8212.207469
-13318.969348 8212.207469 292154.403461
4909.733921 98.529386 -1191.641734
98.529386 2945.649322 -694.062847
-1191.641734 -694.062847 4373.947856
0.000000 -0.000000 -0.000000 26.588974
-0.000000 -0.000000 0.000000 0.664412
0.000000 -0.000000 -0.000000 26.626132
RESULTSET_END
RESULTSET_BEGIN
92224 0 1 1
0.000000 0.000000 0.000000
0.000000 0.000000 0.000000
0.000000 0.000000 0.000000
0.000000 0.000000 0.000000
270261.556053 -1971.501284 -14510.611082
-1971.501284 276781.095272 7518.144622
-14510.611082 7518.144622 296528.351317
0.000000 0.000000 0.000000 0.000000
0.000000 -0.000000 -0.000000 26.626132
0.000000 -0.000000 -0.000000 26.626132
RESULTSET_END
RESULTSET_BEGIN
92224 1 0 0
-351967.075403 0.000000 44822.863384
335969.326367 -24233.682357 -16820.998173
-24233.682357 319446.941348 11828.240800
-16820.998173 11828.240800 311495.022688
0.000000 0.000000 0.000000
0.000000 0.000000 0.000000
0.000000 0.000000 0.000000
0.000000 0.000000 0.000000 36.131656
0.000000 0.000000 0.000000 0.000000
0.000000 0.000000 0.000000 36.131656
RESULTSET_END
RESULTSET_BEGIN
92224 1 1 0
-351967.075403 1175313.221151 44822.863384
335969.326367 -24233.682357 -16820.998173
-24233.682357 319446.941348 11828.240800
-16820.998173 11828.240800 311495.022688
5571.194047 420.696937 -1025.287276
420.696937 3500.139065 -426.244842
-1025.287276 -426.244842 4943.571516
0.000000 0.000000 0.000000 36.131656
-0.000000 0.000000 -0.000000 0.699951
0.000000 0.000000 -0.000000 36.151538
RESULTSET_END
RESULTSET_BEGIN
92224 1 1 1
0.000000 823346.145748 44822.863384
0.000000 0.000000 0.000000
0.000000 0.000000 0.000000
0.000000 0.000000 0.000000
341540.520414 -23812.985420 -17846.285450
-23812.985420 322947.080412 11401.995957
-17846.285450 11401.995957 316438.594204
0.000000 0.000000 0.000000 0.000000
0.000000 0.000000 -0.000000 36.151538
0.000000 0.000000 -0.000000 36.151538
RESULTSET_END
RESULTSET_BEGIN
92224 0 0 0
0.000000 0.000000 0.000000
335969.326367 -24233.682357 -16820.998173
-24233.682357 319446.941348 11828.240800
-16820.998173 11828.240800 311495.022688
0.000000 0.000000 0.000000
0.000000 0.000000 0.000000
0.000000 0.000000 0.000000
0.000000 0.000000 0.000000 36.131656
0.000000 0.000000 0.000000 0.000000
0.000000 0.000000 0.000000 36.131656
RESULTSET_END
RESULTSET_BEGIN
92224 0 1 0
0.000000 0.000000 0.000000
335969.326367 -24233.682357 -16820.998173
-24233.682357 319446.941348 11828.240800
-16820.998173 11828.240800 311495.022688
5571.194047 420.696937 -1025.287276
420.696937 3500.139065 -426.244842
-1025.287276 -426.244842 4943.571516
0.000000 0.000000 0.000000 36.131656
-0.000000 0.000000 -0.000000 0.699951
0.000000 0.000000 -0.000000 36.151538
RESULTSET_END
RESULTSET_BEGIN
92224 0 1 1
0.000000 0.000000 0.000000
0.000000 0.000000 0.000000
0.000000 0.000000 0.000000
0.000000 0.000000 0.000000
341540.520414 -23812.985420 -17846.285450
-23812.985420 322947.080412 11401.995957
-17846.285450 11401.995957 316438.594204
0.000000 0.000000 0.000000 0.000000
0.000000 0.000000 -0.000000 36.151538
0.000000 0.000000 -0.000000 36.151538
RESULTSET_END
RESULTSET_BEGIN
92224 1 0 0
-352096.159413 0.000000 51071.836524
361975.995131 13142.637068 -11349.834985
13142.637068 339396.920171 19173.017359
-11349.834985 19173.017359 346925.155649
0.000000 0.000000 0.000000
0.000000 0.000000 0.000000
0.000000 0.000000 0.000000
-0.000000 -0.000000 -0.000000 53.768360
0.000000 0.000000 0.000000 0.000000
-0.000000 -0.000000 -0.000000 53.768360
RESULTSET_END
RESULTSET_BEGIN
92224 1 1 0
-352096.159413 1175283.062588 51071.836524
361975.995131 13142.637068 -11349.834985
13142.637068 339396.920171 19173.017359
-11349.834985 19173.017359 346925.155649
5087.966542 188.296588 -828.327169
188.296588 3107.004476 -381.474324
-828.327169 -381.474324 4733.791121
-0.000000 -0.000000 -0.000000 53.768360
0.000000 -0.000000 -0.000000 0.717893
0.000000 0.000000 0.000000 53.771295
RESULTSET_END
RESULTSET_BEGIN
92224 1 1 1
0.000000 823186.903175 51071.836524
0.000000 0.000000 0.000000
0.000000 0.000000 0.000000
0.000000 0.000000 0.000000
367063.961673 13330.933657 -12178.162154
13330.933657 342503.924648 18791.543035
-12178.162154 18791.543035 351658.946770
0.000000 0.000000 0.000000 0.000000
0.000000 0.000000 0.000000 53.771295
0.000000 0.000000 0.000000 53.771295
RESULTSET_END
RESULTSET_BEGIN
92224 0 0 0
0.000000 0.000000 0.000000
361975.995131 13142.637068 -11349.834985
13142.637068 339396.920171 19173.017359
-11349.834985 19173.017359 346925.155649
0.000000 0.000000 0.000000
0.000000 0.000000 0.000000
0.000000 0.000000 0.000000
-0.000000 -0.000000 -0.000000 53.768360
0.000000 0.000000 0.000000 0.000000
-0.000000 -0.000000 -0.000000 53.768360
RESULTSET_END
RESULTSET_BEGIN
92224 0 1 0
0.000000 0.000000 0.000000
361975.995131 13142.637068 -11349.834985
13142.637068 339396.920171 19173.017359
-11349.834985 19173.017359 346925.155649
5087.966542 188.296588 -828.327169
188.296588 3107.004476 -381.474324
-828.327169 -381.474324 4733.791121
-0.000000 -0.000000 -0.000000 53.768360
0.000000 -0.000000 -0.000000 0.717893
0.000000 0.000000 0.000000 53.771295
RESULTSET_END
RESULTSET_BEGIN
92224 0 1 1
0.000000 0.000000 0.000000
0.000000 0.000000 0.000000
0.000000 0.000000 0.000000
0.000000 0.000000 0.000000
367063.961673 13330.933657 -12178.162154
13330.933657 342503.924648 18791.543035
-12178.162154 18791.543035 351658.946770
0.000000 0.000000 0.000000 0.000000
0.000000 0.000000 0.000000 53.771295
0.000000 0.000000 0.000000 53.771295
RESULTSET_END
RESULTSET_BEGIN
92224 1 0 0
-354405.213548 0.000000 72354.132621
420244.274270 73898.446215 27025.533620
73898.446215 456967.660156 45957.423945
27025.533620 45957.423945 439465.202418
0.000000 0.000000 0.000000
0.000000 0.000000 0.000000
0.000000 0.000000 0.000000
-0.000000 0.000000 -0.000000 120.621125
0.000000 0.000000 0.000000 0.000000
-0.000000 0.000000 -0.000000 120.621125
RESULTSET_END
RESULTSET_BEGIN
92224 1 1 0
-354405.213548 1175271.536084 72354.132621
420244.274270 73898.446215 27025.533620
73898.446215 456967.660156 45957.423945
27025.533620 45957.423945 439465.202418
5209.752016 220.185402 -1024.206058
220.185402 3143.790865 -424.400390
-1024.206058 -424.400390 4222.642365
-0.000000 0.000000 -0.000000 120.621125
0.000000 -0.000000 -0.000000 0.739413
-0.000000 0.000000 -0.000000 120.607907
RESULTSET_END
RESULTSET_BEGIN
92224 1 1 1
0.000000 820866.322536 72354.132621
0.000000 0.000000 0.000000
0.000000 0.000000 0.000000
0.000000 0.000000 0.000000
425454.026285 74118.631618 26001.327561
74118.631618 460111.451021 45533.023555
26001.327561 45533.023555 443687.844783
0.000000 0.000000 0.000000 0.000000
-0.000000 0.000000 -0.000000 120.607907
-0.000000 0.000000 -0.000000 120.607907
RESULTSET_END
RESULTSET_BEGIN
92224 0 0 0
0.000000 0.000000 0.000000
420244.274270 73898.446215 27025.533620
73898.446215 456967.660156 45957.423945
27025.533620 45957.423945 439465.202418
0.000000 0.000000 0.000000
0.000000 0.000000 0.000000
0.000000 0.000000 0.000000
-0.000000 0.000000 -0.000000 120.621125
0.000000 0.000000 0.000000 0.000000
-0.000000 0.000000 -0.000000 120.621125
RESULTSET_END
RESULTSET_BEGIN
92224 0 1 0
0.000000 0.000000 0.000000
420244.274270 73898.446215 27025.533620
73898.446215 456967.660156 45957.423945
27025.533620 45957.423945 439465.202418
5209.752016 220.185402 -1024.206058
220.185402 3143.790865 -424.400390
-1024.206058 -424.400390 4222.642365
-0.000000 0.000000 -0.000000 120.621125
0.000000 -0.000000 -0.000000 0.739413
-0.000000 0.000000 -0.000000 120.607907
RESULTSET_END
RESULTSET_BEGIN
92224 0 1 1
0.000000 0.000000 0.000000
0.000000 0.000000 0.000000
0.000000 0.000000 0.000000
0.000000 0.000000 0.000000
425454.026285 74118.631618 26001.327561
74118.631618 460111.451021 45533.023555
26001.327561 45533.023555 443687.844783
0.000000 0.000000 0.000000 0.000000
-0.000000 0.000000 -0.000000 120.607907
-0.000000 0.000000 -0.000000 120.607907
RESULTSET_END
RESULTSET_BEGIN
92224 1 0 0
-355560.361523 0.000000 82719.320561
457673.399387 41770.797466 54396.760223
41770.797466 475603.423650 16312.547916
54396.760223 16312.547916 516611.962291
0.000000 0.000000 0.000000
0.000000 0.000000 0.000000
0.000000 0.000000 0.000000
0.000000 0.000000 0.000000 118.070107
0.00000